0 0 0 0 0 556 0 300 0 458 0 307 405 0 0 115 0 0 0 0 0 0 0 503 0 0 395 151 0 0 0 0
0 0 0 0 0 0 0 0 0 0 0 0 0 0 576 0 0 0 0 0 0 0 226 0 416 0 0 0 0 0 0 0
0 0 0 0 0 0 0 0 0 0 0 0 0 0 0 0 0 92 595 0 0 0 0 0 0 0 0 0 178 0 0 0
0 0 0 0 0 0 0 0 0 422 0 447 0 0 0 0 0 0 0 0 0 0 0 385 0 131 580 0 0 0 0 0
0 0 0 0 0 0 0 0 0 0 0 0 0 0 0 0 0 0 0 0 148 212 0 0 244 0 0 0 0 0 581 0
556 0 0 0 0 0 0 389 296 579 0 0 252 0 0 443 0 0 0 575 0 0 0 0 0 0 421 0 0 0 0 0
0 0 0 0 0 0 0 0 0 0 511 0 0 0 0 0 0 0 0 0 0 0 554 0 0 0 0 0 0 0 0 0
300 0 0 0 0 389 0 0 550 233 0 249 397 0 0 241 0 0 0 0 0 0 0 564 0 507 103 307 0 0 0 0
0 0 0 0 0 296 0 550 0 0 0 0 548 0 0 0 0 0 0 533 0 0 0 0 0 0 522 0 0 0 0 0
458 0 0 422 0 579 0 233 0 0 0 207 0 0 0 443 0 0 0 0 0 0 0 471 0 291 159 382 0 0 0 0
0 0 0 0 0 0 511 0 0 0 0 0 0 0 0 0 0 0 0 0 0 0 0 0 0 0 0 0 0 0 0 0
307 0 0 447 0 0 0 249 0 207 0 0 0 0 0 341 0 0 0 0 0 0 0 316 0 332 262 191 0 0 0 0
405 0 0 0 0 252 0 397 548 0 0 0 0 0 0 298 0 0 0 0 0 0 0 0 0 0 478 535 0 0 473 0
0 0 0 0 0 0 0 0 0 0 0 0 0 0 433 0 0 0 0 0 0 0 0 0 0 0 0 0 0 290 0 582
0 576 0 0 0 0 0 0 0 0 0 0 0 433 0 0 0 0 0 0 0 0 0 0 0 0 0 0 0 0 0 0
115 0 0 0 0 443 0 241 0 443 0 341 298 0 0 0 0 0 0 0 0 0 0 589 0 0 343 238 0 0 0 0
0 0 0 0 0 0 0 0 0 0 0 0 0 0 0 0 0 0 0 547 0 0 0 0 0 0 0 0 0 0 0 0
0 0 92 0 0 0 0 0 0 0 0 0 0 0 0 0 0 0 0 0 0 0 0 0 0 0 0 0 214 0 0 0
0 0 595 0 0 0 0 0 0 0 0 0 0 0 0 0 0 0 0 0 0 0 0 0 0 0 0 0 0 0 0 0
0 0 0 0 0 575 0 0 533 0 0 0 0 0 0 0 547 0 0 0 0 0 0 0 0 0 0 0 0 0 0 0
0 0 0 0 148 0 0 0 0 0 0 0 0 0 0 0 0 0 0 0 0 324 590 0 349 0 0 0 0 0 0 0
0 0 0 0 212 0 0 0 0 0 0 0 0 0 0 0 0 0 0 0 324 0 0 0 371 0 0 0 0 0 409 0
0 226 0 0 0 0 554 0 0 0 0 0 0 0 0 0 0 0 0 0 590 0 0 0 468 0 0 0 0 0 0 0
503 0 0 385 0 0 0 564 0 471 0 316 0 0 0 589 0 0 0 0 0 0 0 0 0 358 573 354 0 0 0 0
0 416 0 0 244 0 0 0 0 0 0 0 0 0 0 0 0 0 0 0 349 371 468 0 0 0 0 0 0 0 588 0
0 0 0 131 0 0 0 507 0 291 0 332 0 0 0 0 0 0 0 0 0 0 0 358 0 0 449 508 0 0 0 0
395 0 0 580 0 421 0 103 522 159 0 262 478 0 0 343 0 0 0 0 0 0 0 573 0 449 0 374 0 0 0 0
151 0 0 0 0 0 0 307 0 382 0 191 535 0 0 238 0 0 0 0 0 0 0 354 0 508 374 0 0 0 0 0
0 0 178 0 0 0 0 0 0 0 0 0 0 0 0 0 0 214 0 0 0 0 0 0 0 0 0 0 0 0 0 0
0 0 0 0 0 0 0 0 0 0 0 0 0 290 0 0 0 0 0 0 0 0 0 0 0 0 0 0 0 0 0 304
0 0 0 0 581 0 0 0 0 0 0 0 473 0 0 0 0 0 0 0 0 409 0 0 588 0 0 0 0 0 0 0
0 0 0 0 0 0 0 0 0 0 0 0 0 582 0 0 0 0 0 0 0 0 0 0 0 0 0 0 0 304 0 0
