0 0 0 0 0 556 0 300 0 458 0 307 405 0 0 115 0 0 0 0 0 0 0 503 0 0 395 151 0 0 0 0 0 0 0 0 501 154 0 0 0 0 0 0 0 506 575 302 0 249 0 0 0 0 0 431 0 0 459 0 0 82 0 354 298 0 0 0 0 473 0 0 0 0 0 0 0 0 0 419 0 587 0 0 0 0 0 0 0 0 0 177 0 0 0 0 0 528 0 0 0 0 0 0 0 498 0 0 0 375 0 0 0 0 0 0 340 0 430 482 386 0 0 0 0 0 408 50
0 0 0 0 0 0 0 0 0 0 0 0 0 0 576 0 0 0 0 0 0 0 226 0 416 0 0 0 0 0 0 0 0 0 452 0 0 0 0 0 0 0 0 0 0 0 0 0 449 0 0 0 0 0 0 0 0 0 0 0 0 0 546 0 0 0 0 0 0 0 91 93 0 0 0 0 0 581 0 0 528 0 0 0 0 0 0 0 0 0 0 0 0 0 0 0 0 0 0 449 0 0 414 0 406 0 0 394 0 0 0 0 0 0 0 0 0 419 0 0 0 0 0 0 0 0 0 0
0 0 0 0 0 0 0 0 0 0 0 0 0 0 0 0 0 92 595 0 0 0 0 0 0 0 0 0 178 0 0 0 0 355 0 0 0 0 0 0 0 0 0 0 0 0 0 0 0 0 0 0 0 0 163 0 0 0 0 0 0 0 0 0 0 0 0 0 264 0 0 0 0 0 0 0 0 0 177 0 0 0 0 0 0 0 0 0 0 0 0 0 0 0 0 0 0 0 0 0 0 269 0 0 0 0 0 0 0 0 0 0 0 0 0 0 0 0 0 0 0 0 0 0 0 0 0 0
0 0 0 0 0 0 0 0 0 422 0 447 0 0 0 0 0 0 0 0 0 0 0 385 0 131 580 0 0 0 0 0 0 0 0 0 296 0 0 0 0 0 0 0 0 337 0 0 0 0 0 0 0 0 0 367 0 0 316 0 0 0 0 0 0 0 68 0 0 0 0 0 0 0 0 0 0 0 0 335 0 187 0 0 0 0 0 0 0 0 0 0 0 0 0 0 0 540 0 0 0 0 0 0 0 0 239 0 0 0 0 177 0 0 0 0 486 0 0 0 0 0 0 0 0 0 407 0
0 0 0 0 0 0 0 0 0 0 0 0 0 0 0 0 0 0 0 0 148 212 0 0 244 0 0 0 0 0 581 0 0 0 0 0 0 0 0 0 0 0 0 0 0 0 354 0 0 556 0 502 0 0 0 0 0 0 0 0 100 0 0 0 0 0 0 426 0 361 562 554 0 0 0 0 0 0 0 0 0 0 0 532 0 0 0 0 0 0 0 0 0 0 0 0 0 0 0 0 0 0 304 558 0 318 0 410 0 472 0 0 0 0 0 161 0 221 0 0 585 0 225 0 0 0 0 0
556 0 0 0 0 0 0 389 296 579 0 0 252 0 0 443 0 0 0 575 0 0 0 0 0 0 421 0 0 0 0 0 0 0 0 0 0 424 0 0 0 0 0 0 0 0 0 0 0 0 0 0 0 0 0 0 433 242 0 0 0 474 0 251 527 0 0 0 0 0 0 0 0 0 0 0 0 0 0 0 0 0 453 0 0 0 0 0 0 0 0 0 0 0 0 0 0 483 0 0 0 0 0 0 0 0 0 0 0 0 0 0 0 222 0 0 0 0 133 297 581 0 0 0 0 0 0 568
0 0 0 0 0 0 0 0 0 0 511 0 0 0 0 0 0 0 0 0 0 0 554 0 0 0 0 0 0 0 0 0 0 0 335 0 0 0 0 0 0 0 0 0 0 0 0 0 0 0 0 0 0 0 0 0 0 0 0 0 0 0 0 0 0 0 0 0 0 0 0 0 0 0 0 0 0 0 0 0 0 0 0 0 0 0 0 0 0 0 0 0 0 0 0 0 0 0 0 0 0 0 0 0 0 0 0 529 0 0 0 0 0 0 0 0 0 0 0 0 0 0 0 0 539 0 0 0
300 0 0 0 0 389 0 0 550 233 0 249 397 0 0 241 0 0 0 0 0 0 0 564 0 507 103 307 0 0 0 0 0 0 0 0 500 156 0 0 0 0 0 0 0 313 0 506 0 532 0 0 0 0 0 461 0 0 323 0 0 248 0 140 492 0 571 0 0 0 0 0 0 0 0 0 0 0 0 325 0 536 0 0 0 0 0 0 0 0 0 461 0 0 0 0 0 240 0 0 0 0 0 0 0 0 0 0 0 0 0 0 0 362 0 0 443 0 264 193 583 0 0 0 0 0 229 342
0 0 0 0 0 296 0 550 0 0 0 0 548 0 0 0 0 0 0 533 0 0 0 0 0 0 522 0 0 0 0 0 0 0 0 0 0 0 0 0 0 0 0 0 0 0 0 0 0 0 0 0 0 0 0 0 449 227 0 0 0 0 0 446 0 0 0 0 0 0 0 0 0 0 0 0 0 0 0 0 0 0 381 0 0 0 0 0 0 0 0 0 0 0 0 0 0 503 0 0 0 0 0 0 0 0 0 0 579 0 0 0 0 189 0 0 0 0 383 369 0 0 0 0 0 0 0 0
458 0 0 422 0 579 0 233 0 0 0 207 0 0 0 443 0 0 0 0 0 0 0 471 0 291 159 382 0 0 0 0 0 0 0 0 374 358 0 0 0 0 0 0 0 85 0 538 0 0 0 0 0 0 0 370 0 0 141 0 0 438 0 353 0 0 361 0 0 0 0 0 0 0 0 0 0 0 0 185 0 366 0 0 0 0 0 0 0 0 0 0 0 0 0 0 0 153 0 0 0 0 0 0 0 0 595 0 0 0 0 479 0 467 0 0 416 0 471 296 0 0 0 0 0 0 72 507
0 0 0 0 0 0 511 0 0 0 0 0 0 0 0 0 0 0 0 0 0 0 0 0 0 0 0 0 0 0 0 0 0 0 444 0 0 0 0 0 0 0 0 0 0 0 0 0 0 0 0 0 0 0 0 0 0 0 0 0 0 0 0 0 0 0 0 0 0 0 0 0 0 0 452 0 0 0 0 0 0 0 0 0 0 0 0 0 0 0 0 0 0 0 0 0 0 0 0 0 0 0 0 0 0 0 0 0 0 0 0 0 0 0 0 0 0 0 0 0 0 0 0 0 263 0 0 0
307 0 0 447 0 0 0 249 0 207 0 0 0 0 0 341 0 0 0 0 0 0 0 316 0 332 262 191 0 0 0 0 0 0 0 0 253 275 0 0 0 0 0 0 0 220 0 331 0 548 0 0 0 0 0 212 0 0 155 0 0 321 0 387 595 0 379 0 0 0 0 0 0 0 0 0 0 0 0 113 0 307 0 0 0 0 0 0 0 0 0 478 0 0 0 0 0 342 0 0 0 0 0 0 0 0 538 0 0 0 0 423 0 594 0 0 218 0 509 414 0 0 0 0 0 0 136 356
405 0 0 0 0 252 0 397 548 0 0 0 0 0 0 298 0 0 0 0 0 0 0 0 0 0 478 535 0 0 473 0 0 0 0 0 0 331 0 0 0 0 0 0 0 0 0 0 0 454 0 489 0 0 0 0 564 452 0 0 0 330 0 287 282 0 0 0 0 560 0 0 0 0 0 0 0 0 0 0 0 0 0 0 0 0 0 0 0 0 0 420 0 0 0 0 0 591 0 0 0 0 0 0 0 0 0 0 0 0 0 0 0 444 0 0 0 0 212 427 329 0 0 0 0 0 0 397
0 0 0 0 0 0 0 0 0 0 0 0 0 0 433 0 0 0 0 0 0 0 0 0 0 0 0 0 0 290 0 582 0 0 0 0 0 0 344 0 0 0 344 0 0 0 0 0 0 0 415 0 0 0 0 0 0 0 0 0 0 0 0 0 0 598 0 0 0 0 0 0 468 176 0 222 0 0 0 0 0 0 0 0 0 0 0 0 0 0 0 0 0 0 497 327 0 0 0 554 0 0 0 0 0 0 0 0 0 0 0 0 563 0 0 0 0 0 0 0 0 0 0 0 0 0 0 0
0 576 0 0 0 0 0 0 0 0 0 0 0 433 0 0 0 0 0 0 0 0 0 0 0 0 0 0 0 0 0 0 0 0 0 0 0 0 0 0 0 0 212 0 0 0 0 0 210 0 559 0 0 0 0 0 0 0 0 0 0 0 0 0 0 362 0 0 0 0 0 539 0 454 0 279 0 377 0 0 0 0 0 0 0 0 0 0 0 0 0 0 0 0 0 0 0 0 0 130 0 0 0 0 317 0 0 0 0 0 0 0 0 0 0 0 0 0 0 0 0 0 0 0 0 0 0 0
115 0 0 0 0 443 0 241 0 443 0 341 298 0 0 0 0 0 0 0 0 0 0 589 0 0 343 238 0 0 0 0 0 0 0 0 569 87 0 0 0 0 0 0 0 507 0 413 0 295 0 577 0 0 0 505 0 0 479 0 0 33 0 256 264 0 0 0 0 499 0 0 0 0 0 0 0 0 0 452 0 0 0 0 0 0 0 0 0 0 0 227 0 0 0 0 0 481 0 0 0 0 0 0 0 534 0 0 0 459 0 0 0 525 0 0 430 0 318 399 357 0 0 0 0 0 409 129
0 0 0 0 0 0 0 0 0 0 0 0 0 0 0 0 0 0 0 547 0 0 0 0 0 0 0 0 0 0 0 0 0 0 0 554 0 0 0 0 0 0 0 0 0 0 0 0 0 0 0 0 274 585 0 0 0 0 0 0 0 0 0 0 0 0 0 0 0 0 0 0 0 0 0 0 0 0 0 0 0 0 0 0 255 0 0 0 0 0 0 0 0 0 0 0 0 0 0 0 0 0 0 0 0 0 0 0 373 0 0 0 0 0 0 0 0 0 0 0 0 0 0 0 0 0 0 0
0 0 92 0 0 0 0 0 0 0 0 0 0 0 0 0 0 0 0 0 0 0 0 0 0 0 0 0 214 0 0 0 0 292 0 0 0 0 0 0 0 0 0 0 0 0 0 0 0 0 0 0 0 0 161 0 0 0 0 0 0 0 0 0 0 0 0 0 221 0 0 0 0 0 0 0 0 0 153 0 0 0 0 0 0 0 0 0 0 0 0 0 0 0 0 0 0 0 0 0 0 346 0 0 0 0 0 0 0 0 0 0 0 0 0 0 0 0 0 0 0 0 0 0 0 0 0 0
0 0 595 0 0 0 0 0 0 0 0 0 0 0 0 0 0 0 0 0 0 0 0 0 0 0 0 0 0 0 0 0 0 0 0 0 0 0 0 0 0 0 0 0 0 0 0 0 0 0 0 0 0 0 0 0 0 0 0 396 0 0 0 0 0 0 0 0 0 0 0 0 0 0 0 0 0 0 0 0 0 0 0 0 0 332 0 0 0 455 404 0 0 0 0 0 0 0 531 0 0 395 0 0 0 0 0 0 0 0 323 0 0 0 0 0 0 0 0 0 0 0 0 304 0 138 0 0
0 0 0 0 0 575 0 0 533 0 0 0 0 0 0 0 547 0 0 0 0 0 0 0 0 0 0 0 0 0 0 0 0 0 0 99 0 0 0 0 539 0 0 0 0 0 0 0 0 0 0 0 363 203 0 0 153 353 0 0 0 0 0 0 0 0 0 0 0 0 0 0 0 0 0 0 462 0 0 0 0 0 153 0 430 0 0 0 0 0 0 0 0 0 0 0 0 0 0 0 0 0 0 0 0 0 0 0 177 0 0 0 0 0 0 0 0 0 0 0 0 0 0 0 0 0 0 0
0 0 0 0 148 0 0 0 0 0 0 0 0 0 0 0 0 0 0 0 0 324 590 0 349 0 0 0 0 0 0 0 0 0 0 0 0 0 0 0 0 0 0 0 0 0 318 0 0 0 0 0 0 0 0 0 0 0 0 0 49 0 0 0 0 0 0 573 0 456 588 0 0 0 0 0 0 0 0 0 0 0 0 445 0 0 0 0 0 0 0 0 0 0 0 0 0 0 0 0 0 0 273 0 0 408 0 362 0 486 0 0 0 0 0 302 0 247 0 0 0 0 78 0 0 0 0 0
0 0 0 0 212 0 0 0 0 0 0 0 0 0 0 0 0 0 0 0 324 0 0 0 371 0 0 0 0 0 409 0 0 0 0 0 0 0 0 0 0 0 0 0 0 0 320 0 0 364 0 323 0 0 0 0 0 0 0 0 278 0 0 0 433 0 0 323 0 151 0 0 0 0 0 0 0 0 0 0 0 0 0 536 0 0 0 0 0 0 0 437 0 0 0 0 0 0 0 0 0 0 513 461 0 115 0 0 0 339 0 0 0 0 0 105 0 419 0 0 374 0 386 0 0 0 0 564
0 226 0 0 0 0 554 0 0 0 0 0 0 0 0 0 0 0 0 0 590 0 0 0 468 0 0 0 0 0 0 0 0 0 235 0 0 0 0 0 0 0 0 0 0 0 0 0 0 0 0 0 0 0 0 0 0 0 0 0 599 0 0 0 0 0 0 0 0 0 154 274 0 0 0 0 0 0 0 0 0 0 0 0 0 0 0 0 0 0 0 0 0 0 0 0 0 0 0 0 0 0 317 0 600 0 0 243 0 0 0 0 0 0 0 0 0 383 0 0 0 0 0 0 0 0 0 0
503 0 0 385 0 0 0 564 0 471 0 316 0 0 0 589 0 0 0 0 0 0 0 0 0 358 573 354 0 0 0 0 0 0 0 0 112 552 0 0 0 0 0 0 0 427 0 281 0 0 0 0 0 0 0 105 0 0 337 0 0 559 0 0 0 0 342 0 0 0 0 0 0 0 0 0 0 0 0 286 0 205 0 0 0 0 0 0 0 0 0 0 0 0 0 0 0 0 0 0 0 0 0 0 0 0 316 0 0 0 0 241 0 0 0 0 164 0 0 0 0 0 0 0 0 0 405 537
0 416 0 0 244 0 0 0 0 0 0 0 0 0 0 0 0 0 0 0 349 371 468 0 0 0 0 0 0 0 588 0 0 0 0 0 0 0 0 0 0 0 0 0 0 0 597 0 475 0 0 534 0 0 0 0 0 0 0 0 317 0 0 0 0 592 0 375 0 512 376 333 0 0 0 0 0 428 0 0 0 0 0 0 0 0 0 0 0 0 0 0 0 0 0 0 0 0 0 0 0 0 279 468 369 485 0 371 0 0 0 0 0 0 0 268 0 169 0 0 0 0 420 0 0 0 0 0
0 0 0 131 0 0 0 507 0 291 0 332 0 0 0 0 0 0 0 0 0 0 0 358 0 0 449 508 0 0 0 0 0 0 0 0 250 593 0 0 0 0 0 0 0 206 0 569 0 0 0 0 0 0 0 305 0 0 190 0 0 0 0 0 0 0 72 0 0 0 0 0 0 0 0 0 0 0 0 219 0 159 0 0 0 0 0 0 0 0 0 0 0 0 0 0 0 415 0 0 0 0 0 0 0 0 330 0 0 0 0 229 0 0 0 0 416 0 0 584 0 0 0 0 0 0 278 0
395 0 0 580 0 421 0 103 522 159 0 262 478 0 0 343 0 0 0 0 0 0 0 573 0 449 0 374 0 0 0 0 0 0 0 0 492 258 0 0 0 0 0 0 0 245 0 564 0 0 0 0 0 0 0 468 0 0 281 0 0 349 0 196 595 0 518 0 0 0 0 0 0 0 0 0 0 0 0 303 0 508 0 0 0 0 0 0 0 0 0 561 0 0 0 0 0 137 0 0 0 0 0 0 0 0 0 0 0 0 0 0 0 334 0 0 477 0 312 154 0 0 0 0 0 0 186 439
151 0 0 0 0 0 0 307 0 382 0 191 535 0 0 238 0 0 0 0 0 0 0 354 0 508 374 0 0 0 0 0 0 0 0 0 351 222 0 0 0 0 0 0 0 409 0 201 0 367 0 0 0 0 0 280 0 0 344 0 0 207 0 411 448 0 543 0 0 591 0 0 0 0 0 0 0 0 0 293 0 441 0 0 0 0 0 0 0 0 0 301 0 0 0 0 0 490 0 0 0 0 0 0 0 0 0 0 0 431 0 542 0 0 0 0 192 0 513 500 534 0 0 0 0 0 318 191
0 0 178 0 0 0 0 0 0 0 0 0 0 0 0 0 0 214 0 0 0 0 0 0 0 0 0 0 0 0 0 0 0 506 0 0 0 0 0 497 0 0 0 0 0 0 0 0 0 0 0 0 0 0 340 0 0 0 0 0 0 0 0 0 0 0 0 0 191 0 0 0 0 0 0 0 0 0 349 0 0 0 0 0 0 0 0 0 0 0 0 0 0 0 0 0 0 0 0 0 0 388 0 0 0 0 0 0 0 0 0 0 0 0 0 0 0 0 0 0 0 0 0 0 0 0 0 0
0 0 0 0 0 0 0 0 0 0 0 0 0 290 0 0 0 0 0 0 0 0 0 0 0 0 0 0 0 0 0 304 598 0 0 0 0 0 195 0 0 0 524 0 0 0 0 0 0 0 357 0 0 0 0 0 0 0 0 0 0 0 0 0 0 0 0 0 0 0 0 0 337 237 0 410 0 0 0 0 0 0 0 0 0 0 0 0 0 0 0 0 0 0 270 314 0 0 0 0 0 0 0 0 0 0 0 0 0 0 0 0 0 0 0 0 0 0 0 0 0 0 0 0 0 0 0 0
0 0 0 0 581 0 0 0 0 0 0 0 473 0 0 0 0 0 0 0 0 409 0 0 588 0 0 0 0 0 0 0 0 0 0 0 0 0 0 0 0 502 0 0 0 0 0 0 0 473 0 88 0 0 0 0 0 0 0 0 0 0 0 0 349 531 0 221 0 350 0 0 0 0 0 0 0 496 0 0 0 0 0 0 0 0 0 0 0 0 0 513 0 0 0 0 0 0 0 0 0 0 0 232 0 390 0 0 0 0 0 0 0 0 0 420 0 0 0 0 261 0 0 0 0 0 0 0
0 0 0 0 0 0 0 0 0 0 0 0 0 582 0 0 0 0 0 0 0 0 0 0 0 0 0 0 0 304 0 0 0 0 0 0 0 0 425 0 0 0 0 0 0 0 0 0 0 0 585 0 0 0 0 0 0 0 0 0 0 0 0 0 0 0 0 0 0 0 0 0 516 537 0 0 0 0 0 0 0 0 0 0 0 0 0 0 0 0 0 0 0 0 160 442 0 0 0 0 0 0 0 0 0 0 0 0 0 0 0 0 0 0 0 0 0 0 0 0 0 0 0 0 0 0 0 0
0 0 0 0 0 0 0 0 0 0 0 0 0 0 0 0 0 0 0 0 0 0 0 0 0 0 0 0 0 598 0 0 0 0 0 0 0 0 416 0 324 293 0 0 0 0 0 0 0 0 320 0 0 0 0 0 0 0 0 0 0 0 0 0 0 584 0 0 0 0 0 0 271 554 0 0 363 0 0 0 0 0 0 0 0 0 0 0 0 0 0 0 0 0 0 0 0 0 0 0 0 0 0 0 0 0 0 0 0 0 0 0 0 0 0 0 0 0 0 0 0 0 0 0 0 0 0 0
0 0 355 0 0 0 0 0 0 0 0 0 0 0 0 0 0 292 0 0 0 0 0 0 0 0 0 0 506 0 0 0 0 0 0 0 0 0 0 0 0 0 0 0 0 0 0 0 0 0 0 0 0 0 231 0 0 0 0 0 0 0 0 0 0 0 0 0 458 0 0 0 0 0 0 0 0 0 195 0 0 0 0 0 0 0 0 0 0 0 0 0 0 0 0 0 0 0 0 0 0 481 0 0 0 0 0 0 0 0 0 0 0 0 0 0 0 0 0 0 0 0 0 0 0 0 0 0
0 452 0 0 0 0 335 0 0 0 444 0 0 0 0 0 0 0 0 0 0 0 235 0 0 0 0 0 0 0 0 0 0 0 0 0 0 0 0 0 0 0 0 0 0 0 0 0 0 0 0 0 0 0 0 0 0 0 0 0 0 0 0 0 0 0 0 0 0 0 389 509 0 0 0 0 0 0 0 0 0 0 0 0 0 0 0 0 0 0 0 0 0 0 0 0 0 0 0 0 0 0 439 0 0 0 0 332 0 0 0 0 0 0 0 0 0 540 0 0 0 0 0 0 0 0 0 0
0 0 0 0 0 0 0 0 0 0 0 0 0 0 0 0 554 0 0 99 0 0 0 0 0 0 0 0 0 0 0 0 0 0 0 0 0 0 0 0 484 0 0 0 0 0 0 0 0 0 0 0 329 105 0 0 216 440 0 0 0 0 0 0 0 0 0 0 0 0 0 0 0 0 0 0 396 0 0 0 0 0 250 0 394 0 0 0 0 0 0 0 0 0 0 0 0 0 0 0 0 0 0 0 0 0 0 0 215 0 0 0 0 0 0 0 0 0 0 0 0 0 0 0 0 0 0 0
501 0 0 296 0 0 0 500 0 374 0 253 0 0 0 569 0 0 0 0 0 0 0 112 0 250 492 351 0 0 0 0 0 0 0 0 0 518 0 0 0 0 0 0 0 322 0 342 0 0 0 0 0 0 0 75 0 0 236 0 0 542 0 0 0 0 244 0 0 0 0 0 0 0 0 0 0 0 0 192 0 109 0 0 0 0 0 0 0 0 0 0 0 0 0 0 0 527 0 0 0 0 0 0 0 0 297 0 0 0 0 191 0 0 0 0 194 0 0 0 0 0 0 0 0 0 314 542
154 0 0 0 0 424 0 156 0 358 0 275 331 0 0 87 0 0 0 0 0 0 0 552 0 593 258 222 0 0 0 0 0 0 0 0 518 0 0 0 0 0 0 0 0 425 0 418 0 376 0 0 0 0 0 460 0 0 404 0 0 91 0 203 349 0 0 0 0 585 0 0 0 0 0 0 0 0 0 382 0 582 0 0 0 0 0 0 0 0 0 305 0 0 0 0 0 395 0 0 0 0 0 0 0 0 0 0 0 526 0 0 0 471 0 0 403 0 293 329 441 0 0 0 0 0 327 190
0 0 0 0 0 0 0 0 0 0 0 0 0 344 0 0 0 0 0 0 0 0 0 0 0 0 0 0 0 195 0 425 416 0 0 0 0 0 0 0 0 0 426 0 0 0 0 0 0 0 167 0 0 0 0 0 0 0 0 0 0 0 0 0 0 571 0 0 0 0 0 0 147 188 0 344 0 0 0 0 0 0 0 0 0 0 0 0 0 0 0 0 0 0 446 496 0 0 0 0 0 0 0 0 0 0 0 0 0 0 0 0 0 0 0 0 0 0 0 0 0 0 0 0 0 0 0 0
0 0 0 0 0 0 0 0 0 0 0 0 0 0 0 0 0 0 0 0 0 0 0 0 0 0 0 0 497 0 0 0 0 0 0 0 0 0 0 0 0 0 0 0 0 0 0 0 0 0 0 0 0 0 0 0 0 0 0 0 0 0 0 0 0 0 0 0 0 0 0 0 0 0 0 0 0 0 0 0 0 0 0 0 0 0 0 0 0 0 0 0 0 0 0 0 294 0 0 0 0 0 0 0 0 0 0 0 0 0 0 0 0 0 447 0 0 0 0 0 0 466 0 562 0 0 0 0
0 0 0 0 0 0 0 0 0 0 0 0 0 0 0 0 0 0 0 539 0 0 0 0 0 0 0 0 0 0 0 0 324 0 0 484 0 0 0 0 0 157 0 0 0 0 0 0 0 0 0 0 0 437 0 0 494 0 0 0 0 0 0 0 0 0 0 0 0 0 0 0 584 0 0 0 102 0 0 0 0 0 0 0 0 0 0 0 0 0 0 0 0 0 0 0 0 0 0 0 0 0 0 0 0 0 0 0 0 0 0 0 0 0 0 0 0 0 0 0 0 0 0 0 0 0 0 0
0 0 0 0 0 0 0 0 0 0 0 0 0 0 0 0 0 0 0 0 0 0 0 0 0 0 0 0 0 0 502 0 293 0 0 0 0 0 0 0 157 0 0 0 0 0 0 0 0 0 503 590 0 593 0 0 0 0 0 0 0 0 0 0 0 529 0 0 0 0 0 0 507 0 0 0 258 0 0 0 0 0 0 0 0 0 0 0 0 0 0 0 0 0 0 0 0 0 0 0 0 0 0 502 0 0 0 0 0 0 0 0 0 0 0 0 0 0 0 0 0 0 0 0 0 0 0 0
0 0 0 0 0 0 0 0 0 0 0 0 0 344 212 0 0 0 0 0 0 0 0 0 0 0 0 0 0 524 0 0 0 0 0 0 0 0 426 0 0 0 0 0 0 0 0 0 321 0 347 0 0 0 0 0 0 0 0 0 0 0 0 0 0 262 0 0 0 0 0 0 451 287 0 125 0 369 0 0 0 0 0 0 0 0 0 0 0 0 0 0 0 0 0 0 0 0 0 333 0 0 0 575 412 0 0 0 0 0 0 0 0 0 0 0 0 0 0 0 0 0 0 0 0 0 0 0
0 0 0 0 0 0 0 0 0 0 0 0 0 0 0 0 0 0 0 0 0 0 0 0 0 0 0 0 0 0 0 0 0 0 0 0 0 0 0 0 0 0 0 0 0 0 0 0 0 0 0 0 0 0 0 0 0 0 0 0 0 0 0 0 0 0 0 0 0 0 0 0 0 0 0 0 0 0 0 0 0 0 0 0 0 0 0 0 0 0 0 0 583 0 0 0 0 0 0 0 0 0 0 0 0 0 0 0 0 0 0 0 0 0 0 0 0 0 0 0 0 0 0 0 0 0 0 0
0 0 0 0 0 0 0 0 0 0 0 0 0 0 0 0 0 0 0 0 0 0 0 0 0 0 0 0 0 0 0 0 0 0 0 0 0 0 0 0 0 0 0 0 0 0 0 0 0 0 0 0 0 0 0 0 0 0 0 0 0 0 399 0 0 0 0 0 0 0 0 0 0 0 0 0 0 0 0 0 527 0 0 0 0 0 210 0 0 0 0 0 0 0 0 0 0 0 0 0 200 0 0 0 0 0 0 0 0 0 0 0 418 0 0 0 0 0 0 0 0 0 0 0 0 0 0 0
506 0 0 337 0 0 0 313 0 85 0 220 0 0 0 507 0 0 0 0 0 0 0 427 0 206 245 409 0 0 0 0 0 0 0 0 322 425 0 0 0 0 0 0 0 0 0 539 0 0 0 0 0 0 0 334 0 0 92 0 0 498 0 437 0 0 277 0 0 0 0 0 0 0 0 0 0 0 0 151 0 296 0 0 0 0 0 0 0 0 0 0 0 0 0 0 0 219 0 0 0 0 0 0 0 0 518 0 0 0 0 404 0 545 0 0 402 0 557 378 0 0 0 0 0 0 99 556
575 0 0 0 354 0 0 0 0 0 0 0 0 0 0 0 0 0 0 0 318 320 0 0 597 0 0 0 0 0 0 0 0 0 0 0 0 0 0 0 0 0 0 0 0 0 0 514 0 385 0 0 0 0 0 0 0 0 0 0 314 0 0 0 558 0 0 0 0 346 0 0 0 0 0 0 0 0 0 0 0 0 0 217 0 0 0 0 0 0 0 438 0 0 0 0 0 0 0 0 0 0 591 0 0 303 0 0 0 200 0 0 0 0 0 394 0 550 0 0 551 0 313 0 0 0 0 537
302 0 0 0 0 0 0 506 0 538 0 331 0 0 0 413 0 0 0 0 0 0 0 281 0 569 564 201 0 0 0 0 0 0 0 0 342 418 0 0 0 0 0 0 0 539 514 0 0 407 0 0 0 0 0 270 0 0 454 0 0 380 0 0 554 0 581 0 0 0 0 0 0 0 0 0 0 0 0 393 0 451 0 503 0 0 0 0 0 0 0 367 0 0 0 0 0 0 0 0 0 0 0 0 0 0 596 0 0 369 0 517 0 0 0 0 153 0 0 0 0 0 0 0 0 0 466 316
0 449 0 0 0 0 0 0 0 0 0 0 0 0 210 0 0 0 0 0 0 0 0 0 475 0 0 0 0 0 0 0 0 0 0 0 0 0 0 0 0 0 321 0 0 0 0 0 0 0 0 0 0 0 0 0 0 0 0 0 0 0 0 0 0 291 0 525 0 0 507 387 0 0 0 433 0 215 0 0 0 0 0 0 0 0 0 0 0 0 0 0 0 0 0 0 0 0 0 170 0 0 0 478 107 0 0 0 0 0 0 0 0 0 0 0 0 0 0 0 0 0 0 0 0 0 0 0
249 0 0 0 556 0 0 532 0 0 0 548 454 0 0 295 0 0 0 0 0 364 0 0 0 0 0 367 0 0 473 0 0 0 0 0 0 376 0 0 0 0 0 0 0 0 385 407 0 0 0 407 0 0 0 0 0 0 0 0 585 284 0 545 193 0 0 555 0 226 0 0 0 0 0 0 0 0 0 0 0 0 0 542 0 0 0 0 0 0 0 73 0 0 0 0 0 0 0 0 0 0 0 0 0 249 0 0 0 200 0 0 0 0 0 466 516 0 576 0 232 0 0 0 0 0 0 200
0 0 0 0 0 0 0 0 0 0 0 0 0 415 559 0 0 0 0 0 0 0 0 0 0 0 0 0 0 357 0 585 320 0 0 0 0 0 167 0 0 503 347 0 0 0 0 0 0 0 0 0 0 0 0 0 0 0 0 0 0 0 0 0 0 426 0 0 0 0 0 0 106 239 0 314 0 590 0 0 0 0 0 0 0 0 0 0 0 0 0 0 0 0 0 0 0 0 0 0 0 0 0 0 0 0 0 0 0 0 0 0 0 0 0 0 0 0 0 0 0 0 0 0 0 0 0 0
0 0 0 0 502 0 0 0 0 0 0 0 489 0 0 577 0 0 0 0 0 323 0 0 534 0 0 0 0 0 88 0 0 0 0 0 0 0 0 0 0 590 0 0 0 0 0 0 0 407 0 0 0 0 0 0 0 0 0 0 589 589 0 0 313 571 0 196 0 264 0 0 0 0 0 0 0 510 0 0 0 0 0 0 0 0 0 0 0 0 0 455 0 0 0 0 0 0 0 0 0 0 0 259 0 302 0 0 0 527 0 0 0 0 0 342 0 0 0 0 220 0 0 0 0 0 0 557
0 0 0 0 0 0 0 0 0 0 0 0 0 0 0 0 274 0 0 363 0 0 0 0 0 0 0 0 0 0 0 0 0 0 0 329 0 0 0 0 0 0 0 0 0 0 0 0 0 0 0 0 0 329 0 0 516 0 0 0 0 0 0 0 0 0 0 0 0 0 0 0 0 0 0 0 0 0 0 0 0 0 476 0 68 0 0 0 0 0 0 0 0 0 0 0 0 0 0 0 0 0 0 0 0 0 0 0 242 0 0 0 0 0 0 0 0 0 0 0 0 0 0 0 0 0 0 0
0 0 0 0 0 0 0 0 0 0 0 0 0 0 0 0 585 0 0 203 0 0 0 0 0 0 0 0 0 0 0 0 0 0 0 105 0 0 0 0 437 593 0 0 0 0 0 0 0 0 0 0 329 0 0 0 301 534 0 0 0 0 0 0 0 0 0 0 0 0 0 0 0 0 0 0 340 0 0 0 0 0 353 0 385 0 0 0 0 0 0 0 0 0 0 0 0 0 0 0 0 0 0 0 0 0 0 0 292 0 0 0 0 0 0 0 0 0 0 0 0 0 0 0 0 0 0 0
0 0 163 0 0 0 0 0 0 0 0 0 0 0 0 0 0 161 0 0 0 0 0 0 0 0 0 0 340 0 0 0 0 231 0 0 0 0 0 0 0 0 0 0 0 0 0 0 0 0 0 0 0 0 0 0 0 0 0 0 0 0 0 0 0 0 0 0 381 0 0 0 0 0 0 0 0 0 41 0 0 0 0 0 0 0 0 0 0 0 0 0 0 0 0 0 0 0 0 0 0 260 0 0 0 0 0 0 0 0 0 0 0 0 0 0 0 0 0 0 0 0 0 0 0 0 0 0
431 0 0 367 0 0 0 461 0 370 0 212 0 0 0 505 0 0 0 0 0 0 0 105 0 305 468 280 0 0 0 0 0 0 0 0 75 460 0 0 0 0 0 0 0 334 0 270 0 0 0 0 0 0 0 0 0 0 242 0 0 477 0 597 0 0 311 0 0 0 0 0 0 0 0 0 0 0 0 186 0 181 0 0 0 0 0 0 0 0 0 570 0 0 0 0 0 522 0 0 0 0 0 0 0 0 366 0 0 0 0 265 0 0 0 0 119 0 0 0 0 0 0 0 0 0 303 470
0 0 0 0 0 433 0 0 449 0 0 0 564 0 0 0 0 0 0 153 0 0 0 0 0 0 0 0 0 0 0 0 0 0 0 216 0 0 0 0 494 0 0 0 0 0 0 0 0 0 0 0 516 301 0 0 0 236 0 0 0 0 0 0 0 0 0 0 0 0 0 0 0 0 0 0 440 0 0 0 0 0 131 0 583 0 0 0 0 0 0 0 0 0 0 0 0 0 0 0 0 0 0 0 0 0 0 0 316 0 0 0 0 558 0 0 0 0 563 0 0 0 0 0 0 0 0 0
0 0 0 0 0 242 0 0 227 0 0 0 452 0 0 0 0 0 0 353 0 0 0 0 0 0 0 0 0 0 0 0 0 0 0 440 0 0 0 0 0 0 0 0 0 0 0 0 0 0 0 0 0 534 0 0 236 0 0 0 0 0 0 483 0 0 0 0 0 0 0 0 0 0 0 0 0 0 0 0 0 0 215 0 0 0 0 0 0 0 0 0 0 0 0 0 0 0 0 0 0 0 0 0 0 0 0 0 456 0 0 0 0 323 0 0 0 0 374 480 0 0 0 0 0 0 0 0
459 0 0 316 0 0 0 323 0 141 0 155 0 0 0 479 0 0 0 0 0 0 0 337 0 190 281 344 0 0 0 0 0 0 0 0 236 404 0 0 0 0 0 0 0 92 0 454 0 0 0 0 0 0 0 242 0 0 0 0 0 464 0 459 0 0 250 0 0 0 0 0 0 0 0 0 0 0 0 62 0 228 0 0 0 0 0 0 0 0 0 0 0 0 0 0 0 293 0 0 0 0 0 0 0 0 461 0 0 0 0 344 0 0 0 0 313 0 582 430 0 0 0 0 0 0 96 509
0 0 0 0 0 0 0 0 0 0 0 0 0 0 0 0 0 0 396 0 0 0 0 0 0 0 0 0 0 0 0 0 0 0 0 0 0 0 0 0 0 0 0 0 0 0 0 0 0 0 0 0 0 0 0 0 0 0 0 0 0 0 0 0 0 0 0 0 0 0 0 0 0 0 0 0 0 0 0 0 0 0 0 0 0 136 0 418 559 86 101 0 0 558 0 0 0 0 147 0 0 0 0 0 0 0 0 0 0 0 72 0 0 0 0 0 0 0 0 0 0 0 0 216 0 260 0 0
0 0 0 0 100 0 0 0 0 0 0 0 0 0 0 0 0 0 0 0 49 278 599 0 317 0 0 0 0 0 0 0 0 0 0 0 0 0 0 0 0 0 0 0 0 0 314 0 0 585 0 589 0 0 0 0 0 0 0 0 0 0 0 0 0 0 0 524 0 415 584 596 0 0 0 0 0 0 0 0 0 0 0 463 0 0 0 0 0 0 0 0 0 0 0 0 0 0 0 0 0 0 284 0 0 368 0 381 0 468 0 0 0 0 0 253 0 237 0 0 0 0 125 0 0 0 0 0
82 0 0 0 0 474 0 248 0 438 0 321 330 0 0 33 0 0 0 0 0 0 0 559 0 0 349 207 0 0 0 0 0 0 0 0 542 91 0 0 0 0 0 0 0 498 0 380 0 284 0 589 0 0 0 477 0 0 464 0 0 0 0 279 276 0 0 0 0 496 0 0 0 0 0 0 0 0 0 433 0 0 0 0 0 0 0 0 0 0 0 214 0 0 0 0 0 486 0 0 0 0 0 0 0 528 0 0 0 438 0 0 0 549 0 0 399 0 348 417 369 0 0 0 0 0 398 103
0 546 0 0 0 0 0 0 0 0 0 0 0 0 0 0 0 0 0 0 0 0 0 0 0 0 0 0 0 0 0 0 0 0 0 0 0 0 0 0 0 0 0 0 399 0 0 0 0 0 0 0 0 0 0 0 0 0 0 0 0 0 0 0 0 0 0 0 0 0 0 0 0 0 556 0 0 0 0 0 144 0 0 0 0 0 598 0 0 0 0 0 0 0 0 0 0 0 0 520 333 0 0 0 0 0 0 0 0 0 0 0 0 0 516 0 0 0 0 0 0 0 0 0 0 0 0 0
354 0 0 0 0 251 0 140 446 353 0 387 287 0 0 256 0 0 0 0 0 0 0 0 0 0 196 411 0 0 0 0 0 0 0 0 0 203 0 0 0 0 0 0 0 437 0 0 0 545 0 0 0 0 0 597 0 483 459 0 0 279 0 0 455 0 0 0 0 0 0 0 0 0 0 0 0 0 0 464 0 0 0 0 0 0 0 0 0 0 0 481 0 0 0 0 0 305 0 0 0 0 0 0 0 0 0 0 0 0 0 0 0 270 0 0 570 0 124 158 537 0 0 0 0 0 363 383
298 0 0 0 0 527 0 492 0 0 0 595 282 0 0 264 0 0 0 0 0 433 0 0 0 0 595 448 0 0 349 0 0 0 0 0 0 349 0 0 0 0 0 0 0 0 558 554 0 193 0 313 0 0 0 0 0 0 0 0 0 276 0 455 0 0 0 500 0 284 0 0 0 0 0 0 0 0 0 0 0 0 0 0 0 0 0 0 0 0 0 194 0 0 0 0 0 0 0 0 0 0 0 569 0 330 0 0 0 390 0 0 0 0 0 515 0 0 447 0 93 0 0 0 0 0 0 258
0 0 0 0 0 0 0 0 0 0 0 0 0 598 362 0 0 0 0 0 0 0 0 0 592 0 0 0 0 0 531 0 584 0 0 0 0 0 571 0 0 529 262 0 0 0 0 0 291 0 426 571 0 0 0 0 0 0 0 0 0 0 0 0 0 0 0 427 0 0 0 0 524 499 0 376 0 165 0 0 0 0 0 0 0 0 0 0 0 0 0 0 0 0 0 0 0 0 0 420 0 0 0 314 314 0 0 0 0 0 0 0 0 0 0 0 0 0 0 0 0 0 0 0 0 0 0 0
0 0 0 68 0 0 0 571 0 361 0 379 0 0 0 0 0 0 0 0 0 0 0 342 0 72 518 543 0 0 0 0 0 0 0 0 244 0 0 0 0 0 0 0 0 277 0 581 0 0 0 0 0 0 0 311 0 0 250 0 0 0 0 0 0 0 0 0 0 0 0 0 0 0 0 0 0 0 0 267 0 138 0 0 0 0 0 0 0 0 0 0 0 0 0 0 0 487 0 0 0 0 0 0 0 0 262 0 0 0 0 171 0 0 0 0 428 0 0 0 0 0 0 0 0 0 342 0
0 0 0 0 426 0 0 0 0 0 0 0 0 0 0 0 0 0 0 0 573 323 0 0 375 0 0 0 0 0 221 0 0 0 0 0 0 0 0 0 0 0 0 0 0 0 0 0 525 555 0 196 0 0 0 0 0 0 0 0 524 0 0 0 500 427 0 0 0 355 0 0 0 0 0 0 0 332 0 0 0 0 0 0 0 0 0 0 0 0 0 0 0 0 0 0 0 0 0 0 0 0 0 139 445 369 0 0 0 0 0 0 0 0 0 278 0 523 0 0 408 0 0 0 0 0 0 0
0 0 264 0 0 0 0 0 0 0 0 0 0 0 0 0 0 221 0 0 0 0 0 0 0 0 0 0 191 0 0 0 0 458 0 0 0 0 0 0 0 0 0 0 0 0 0 0 0 0 0 0 0 0 381 0 0 0 0 0 0 0 0 0 0 0 0 0 0 0 0 0 0 0 0 0 0 0 370 0 0 0 0 0 0 0 0 0 0 0 0 0 0 0 0 0 0 0 0 0 0 528 0 0 0 0 0 0 0 0 0 0 0 0 0 0 0 0 0 0 0 0 0 0 0 0 0 0
473 0 0 0 361 0 0 0 0 0 0 0 560 0 0 499 0 0 0 0 456 151 0 0 512 0 0 591 0 0 350 0 0 0 0 0 0 585 0 0 0 0 0 0 0 0 346 0 0 226 0 264 0 0 0 0 0 0 0 0 415 496 0 0 284 0 0 355 0 0 0 0 0 0 0 0 0 0 0 0 0 0 0 556 0 0 0 0 0 0 0 296 0 0 0 0 0 0 0 0 0 0 0 478 0 50 0 0 0 272 0 0 0 0 0 245 0 570 0 0 235 0 509 0 0 0 0 423
0 91 0 0 562 0 0 0 0 0 0 0 0 0 0 0 0 0 0 0 588 0 154 0 376 0 0 0 0 0 0 0 0 0 389 0 0 0 0 0 0 0 0 0 0 0 0 0 507 0 0 0 0 0 0 0 0 0 0 0 584 0 0 0 0 0 0 0 0 0 0 120 0 0 0 0 0 0 0 0 597 0 0 0 0 0 0 0 0 0 0 0 0 0 0 0 0 0 0 527 0 0 330 0 447 0 0 304 0 0 0 0 0 0 0 0 0 348 0 0 0 0 0 0 0 0 0 0
0 93 0 0 554 0 0 0 0 0 0 0 0 0 539 0 0 0 0 0 0 0 274 0 333 0 0 0 0 0 0 0 0 0 509 0 0 0 0 0 0 0 0 0 0 0 0 0 387 0 0 0 0 0 0 0 0 0 0 0 596 0 0 0 0 0 0 0 0 0 120 0 0 0 0 0 0 498 0 0 0 0 0 0 0 0 0 0 0 0 0 0 0 0 0 0 0 0 0 418 0 0 381 0 329 0 0 386 0 0 0 0 0 0 0 0 0 362 0 0 0 0 0 0 0 0 0 0
0 0 0 0 0 0 0 0 0 0 0 0 0 468 0 0 0 0 0 0 0 0 0 0 0 0 0 0 0 337 0 516 271 0 0 0 0 0 147 0 584 507 451 0 0 0 0 0 0 0 106 0 0 0 0 0 0 0 0 0 0 0 0 0 0 524 0 0 0 0 0 0 0 295 0 406 0 0 0 0 0 0 0 0 0 0 0 0 0 0 0 0 0 0 568 0 0 0 0 0 0 0 0 0 0 0 0 0 0 0 0 0 0 0 0 0 0 0 0 0 0 0 0 0 0 0 0 0
0 0 0 0 0 0 0 0 0 0 0 0 0 176 454 0 0 0 0 0 0 0 0 0 0 0 0 0 0 237 0 537 554 0 0 0 0 0 188 0 0 0 287 0 0 0 0 0 0 0 239 0 0 0 0 0 0 0 0 0 0 0 0 0 0 499 0 0 0 0 0 0 295 0 0 176 0 0 0 0 0 0 0 0 0 0 0 0 0 0 0 0 0 0 501 433 0 0 0 584 0 0 0 0 0 0 0 0 0 0 0 0 0 0 0 0 0 0 0 0 0 0 0 0 0 0 0 0
0 0 0 0 0 0 0 0 0 0 452 0 0 0 0 0 0 0 0 0 0 0 0 0 0 0 0 0 0 0 0 0 0 0 0 0 0 0 0 0 0 0 0 0 0 0 0 0 0 0 0 0 0 0 0 0 0 0 0 0 0 0 556 0 0 0 0 0 0 0 0 0 0 0 0 0 0 0 0 0 421 0 0 0 0 0 0 0 0 0 0 0 0 0 0 0 0 0 0 0 0 0 0 0 0 0 0 0 0 0 0 0 0 0 401 0 0 0 0 0 0 0 0 0 0 0 0 0
0 0 0 0 0 0 0 0 0 0 0 0 0 222 279 0 0 0 0 0 0 0 0 0 0 0 0 0 0 410 0 0 0 0 0 0 0 0 344 0 0 0 125 0 0 0 0 0 433 0 314 0 0 0 0 0 0 0 0 0 0 0 0 0 0 376 0 0 0 0 0 0 406 176 0 0 0 493 0 0 0 0 0 0 0 0 0 0 0 0 0 0 0 0 0 545 0 0 0 409 0 0 0 0 529 0 0 0 0 0 0 0 0 0 0 0 0 0 0 0 0 0 0 0 0 0 0 0
0 0 0 0 0 0 0 0 0 0 0 0 0 0 0 0 0 0 0 462 0 0 0 0 0 0 0 0 0 0 0 0 363 0 0 396 0 0 0 0 102 258 0 0 0 0 0 0 0 0 0 0 0 340 0 0 440 0 0 0 0 0 0 0 0 0 0 0 0 0 0 0 0 0 0 0 0 0 0 0 0 0 560 0 0 0 0 0 0 0 0 0 0 0 0 0 0 0 0 0 0 0 0 0 0 0 0 0 0 0 0 0 0 0 0 0 0 0 0 0 0 0 0 0 0 0 0 0
0 581 0 0 0 0 0 0 0 0 0 0 0 0 377 0 0 0 0 0 0 0 0 0 428 0 0 0 0 0 496 0 0 0 0 0 0 0 0 0 0 0 369 0 0 0 0 0 215 0 590 510 0 0 0 0 0 0 0 0 0 0 0 0 0 165 0 332 0 0 0 498 0 0 0 493 0 0 0 0 0 0 0 0 0 0 0 0 0 0 0 0 0 0 0 0 0 0 0 381 0 0 0 265 182 0 0 0 0 0 0 0 0 0 0 528 0 593 0 0 0 0 0 0 0 0 0 0
0 0 177 0 0 0 0 0 0 0 0 0 0 0 0 0 0 153 0 0 0 0 0 0 0 0 0 0 349 0 0 0 0 195 0 0 0 0 0 0 0 0 0 0 0 0 0 0 0 0 0 0 0 0 41 0 0 0 0 0 0 0 0 0 0 0 0 0 370 0 0 0 0 0 0 0 0 0 0 0 0 0 0 0 0 0 0 0 0 0 0 0 0 0 0 0 0 0 0 0 0 301 0 0 0 0 0 0 0 0 0 0 0 0 0 0 0 0 0 0 0 0 0 0 0 0 0 0
419 0 0 335 0 0 0 325 0 185 0 113 0 0 0 452 0 0 0 0 0 0 0 286 0 219 303 293 0 0 0 0 0 0 0 0 192 382 0 0 0 0 0 0 0 151 0 393 0 0 0 0 0 0 0 186 0 0 62 0 0 433 0 464 0 0 267 0 0 0 0 0 0 0 0 0 0 0 0 0 0 212 0 0 0 0 0 0 0 0 0 588 0 0 0 0 0 338 0 0 0 0 0 0 0 0 448 0 0 0 0 330 0 0 0 0 252 0 589 456 0 0 0 0 0 0 122 467
0 528 0 0 0 0 0 0 0 0 0 0 0 0 0 0 0 0 0 0 0 0 0 0 0 0 0 0 0 0 0 0 0 0 0 0 0 0 0 0 0 0 0 0 527 0 0 0 0 0 0 0 0 0 0 0 0 0 0 0 0 0 144 0 0 0 0 0 0 0 597 0 0 0 421 0 0 0 0 0 0 0 0 0 0 0 0 0 0 0 0 0 0 0 0 0 0 0 0 0 421 0 0 0 0 0 0 0 0 0 0 0 0 0 464 0 0 0 0 0 0 0 0 0 0 0 0 0
587 0 0 187 0 0 0 536 0 366 0 307 0 0 0 0 0 0 0 0 0 0 0 205 0 159 508 441 0 0 0 0 0 0 0 0 109 582 0 0 0 0 0 0 0 296 0 451 0 0 0 0 0 0 0 181 0 0 228 0 0 0 0 0 0 0 138 0 0 0 0 0 0 0 0 0 0 0 0 212 0 0 0 0 0 0 0 0 0 0 0 0 0 0 0 0 0 513 0 0 0 0 0 0 0 0 236 0 0 0 0 119 0 0 0 0 301 0 0 0 0 0 0 0 0 0 322 0
0 0 0 0 0 453 0 0 381 0 0 0 0 0 0 0 0 0 0 153 0 0 0 0 0 0 0 0 0 0 0 0 0 0 0 250 0 0 0 0 0 0 0 0 0 0 0 0 0 0 0 0 476 353 0 0 131 215 0 0 0 0 0 0 0 0 0 0 0 0 0 0 0 0 0 0 560 0 0 0 0 0 0 0 544 0 0 0 0 0 0 0 0 0 0 0 0 0 0 0 0 0 0 0 0 0 0 0 244 0 0 0 0 525 0 0 0 0 585 0 0 0 0 0 0 0 0 0
0 0 0 0 532 0 0 0 0 0 0 0 0 0 0 0 0 0 0 0 445 536 0 0 0 0 0 0 0 0 0 0 0 0 0 0 0 0 0 0 0 0 0 0 0 0 217 503 0 542 0 0 0 0 0 0 0 0 0 0 463 0 0 0 0 0 0 0 0 556 0 0 0 0 0 0 0 0 0 0 0 0 0 0 0 0 0 0 0 0 0 575 0 0 0 0 0 0 0 0 0 0 0 0 0 517 0 0 0 342 0 0 0 0 0 0 0 0 0 0 0 0 403 0 0 0 0 0
0 0 0 0 0 0 0 0 0 0 0 0 0 0 0 0 255 0 0 430 0 0 0 0 0 0 0 0 0 0 0 0 0 0 0 394 0 0 0 0 0 0 0 0 0 0 0 0 0 0 0 0 68 385 0 0 583 0 0 0 0 0 0 0 0 0 0 0 0 0 0 0 0 0 0 0 0 0 0 0 0 0 544 0 0 0 0 0 0 0 0 0 0 0 0 0 0 0 0 0 0 0 0 0 0 0 0 0 306 0 0 0 0 0 0 0 0 0 0 0 0 0 0 0 0 0 0 0
0 0 0 0 0 0 0 0 0 0 0 0 0 0 0 0 0 0 332 0 0 0 0 0 0 0 0 0 0 0 0 0 0 0 0 0 0 0 0 0 0 0 0 0 0 0 0 0 0 0 0 0 0 0 0 0 0 0 0 136 0 0 0 0 0 0 0 0 0 0 0 0 0 0 0 0 0 0 0 0 0 0 0 0 0 0 0 522 0 143 78 0 0 0 0 0 0 0 218 0 0 0 0 0 0 0 0 0 0 0 109 0 0 0 0 0 0 0 0 0 0 0 0 279 0 198 0 0
0 0 0 0 0 0 0 0 0 0 0 0 0 0 0 0 0 0 0 0 0 0 0 0 0 0 0 0 0 0 0 0 0 0 0 0 0 0 0 0 0 0 0 0 210 0 0 0 0 0 0 0 0 0 0 0 0 0 0 0 0 0 598 0 0 0 0 0 0 0 0 0 0 0 0 0 0 0 0 0 0 0 0 0 0 0 0 0 0 0 0 0 0 0 0 0 0 0 0 0 316 0 0 0 0 0 0 0 0 0 0 0 285 0 0 0 0 0 0 0 0 0 0 0 0 0 0 0
0 0 0 0 0 0 0 0 0 0 0 0 0 0 0 0 0 0 0 0 0 0 0 0 0 0 0 0 0 0 0 0 0 0 0 0 0 0 0 0 0 0 0 0 0 0 0 0 0 0 0 0 0 0 0 0 0 0 0 418 0 0 0 0 0 0 0 0 0 0 0 0 0 0 0 0 0 0 0 0 0 0 0 0 0 522 0 0 184 379 446 0 303 223 0 0 0 0 306 0 0 0 0 0 0 0 0 0 0 0 490 0 0 0 0 0 0 0 0 0 0 0 0 566 0 0 0 0
0 0 0 0 0 0 0 0 0 0 0 0 0 0 0 0 0 0 0 0 0 0 0 0 0 0 0 0 0 0 0 0 0 0 0 0 0 0 0 0 0 0 0 0 0 0 0 0 0 0 0 0 0 0 0 0 0 0 0 559 0 0 0 0 0 0 0 0 0 0 0 0 0 0 0 0 0 0 0 0 0 0 0 0 0 0 0 184 0 538 0 0 134 65 0 0 0 0 472 0 0 0 0 0 0 0 0 0 0 0 0 0 0 0 0 0 0 0 0 0 0 0 0 0 0 0 0 0
0 0 0 0 0 0 0 0 0 0 0 0 0 0 0 0 0 0 455 0 0 0 0 0 0 0 0 0 0 0 0 0 0 0 0 0 0 0 0 0 0 0 0 0 0 0 0 0 0 0 0 0 0 0 0 0 0 0 0 86 0 0 0 0 0 0 0 0 0 0 0 0 0 0 0 0 0 0 0 0 0 0 0 0 0 143 0 379 538 0 68 0 0 547 0 0 0 0 77 0 0 0 0 0 0 0 0 0 0 0 143 0 0 0 0 0 0 0 0 0 0 0 0 302 0 317 0 0
0 0 0 0 0 0 0 0 0 0 0 0 0 0 0 0 0 0 404 0 0 0 0 0 0 0 0 0 0 0 0 0 0 0 0 0 0 0 0 0 0 0 0 0 0 0 0 0 0 0 0 0 0 0 0 0 0 0 0 101 0 0 0 0 0 0 0 0 0 0 0 0 0 0 0 0 0 0 0 0 0 0 0 0 0 78 0 446 0 68 0 0 0 0 0 0 0 0 141 0 0 0 0 0 0 0 0 0 0 0 121 0 0 0 0 0 0 0 0 0 0 0 0 298 0 267 0 0
177 0 0 0 0 0 0 461 0 0 0 478 420 0 0 227 0 0 0 0 0 437 0 0 0 0 561 301 0 0 513 0 0 0 0 0 0 305 0 0 0 0 0 0 0 0 438 367 0 73 0 455 0 0 0 570 0 0 0 0 0 214 0 481 194 0 0 0 0 296 0 0 0 0 0 0 0 0 0 588 0 0 0 575 0 0 0 0 0 0 0 0 0 0 0 0 0 0 0 0 0 0 0 0 0 322 0 0 0 242 0 0 0 0 0 538 461 0 522 0 258 0 0 0 0 0 585 127
0 0 0 0 0 0 0 0 0 0 0 0 0 0 0 0 0 0 0 0 0 0 0 0 0 0 0 0 0 0 0 0 0 0 0 0 0 0 0 0 0 0 0 583 0 0 0 0 0 0 0 0 0 0 0 0 0 0 0 0 0 0 0 0 0 0 0 0 0 0 0 0 0 0 0 0 0 0 0 0 0 0 0 0 0 0 0 303 134 0 0 0 0 156 0 0 0 0 0 0 0 0 0 0 0 0 0 0 0 0 0 0 0 0 0 0 0 0 0 0 0 0 0 0 0 0 0 0
0 0 0 0 0 0 0 0 0 0 0 0 0 0 0 0 0 0 0 0 0 0 0 0 0 0 0 0 0 0 0 0 0 0 0 0 0 0 0 0 0 0 0 0 0 0 0 0 0 0 0 0 0 0 0 0 0 0 0 558 0 0 0 0 0 0 0 0 0 0 0 0 0 0 0 0 0 0 0 0 0 0 0 0 0 0 0 223 65 547 0 0 156 0 0 0 0 0 486 0 0 0 0 0 0 0 0 0 0 0 0 0 0 0 0 0 0 0 0 0 0 0 0 0 0 0 0 0
0 0 0 0 0 0 0 0 0 0 0 0 0 497 0 0 0 0 0 0 0 0 0 0 0 0 0 0 0 270 0 160 0 0 0 0 0 0 446 0 0 0 0 0 0 0 0 0 0 0 0 0 0 0 0 0 0 0 0 0 0 0 0 0 0 0 0 0 0 0 0 0 568 501 0 0 0 0 0 0 0 0 0 0 0 0 0 0 0 0 0 0 0 0 0 293 0 0 0 0 0 0 0 0 0 0 0 0 0 0 0 0 0 0 0 0 0 0 0 0 0 0 0 0 0 0 0 0
0 0 0 0 0 0 0 0 0 0 0 0 0 327 0 0 0 0 0 0 0 0 0 0 0 0 0 0 0 314 0 442 0 0 0 0 0 0 496 0 0 0 0 0 0 0 0 0 0 0 0 0 0 0 0 0 0 0 0 0 0 0 0 0 0 0 0 0 0 0 0 0 0 433 0 545 0 0 0 0 0 0 0 0 0 0 0 0 0 0 0 0 0 0 293 0 0 0 0 0 0 0 0 0 0 0 0 0 0 0 0 0 441 0 0 0 0 0 0 0 0 0 0 0 0 0 0 0
0 0 0 0 0 0 0 0 0 0 0 0 0 0 0 0 0 0 0 0 0 0 0 0 0 0 0 0 0 0 0 0 0 0 0 0 0 0 0 294 0 0 0 0 0 0 0 0 0 0 0 0 0 0 0 0 0 0 0 0 0 0 0 0 0 0 0 0 0 0 0 0 0 0 0 0 0 0 0 0 0 0 0 0 0 0 0 0 0 0 0 0 0 0 0 0 0 0 0 0 562 0 0 0 0 0 0 0 0 0 0 0 0 0 241 0 0 0 0 0 0 222 0 0 0 0 0 0
528 0 0 540 0 483 0 240 503 153 0 342 591 0 0 481 0 0 0 0 0 0 0 0 0 415 137 490 0 0 0 0 0 0 0 0 527 395 0 0 0 0 0 0 0 219 0 0 0 0 0 0 0 0 0 522 0 0 293 0 0 486 0 305 0 0 487 0 0 0 0 0 0 0 0 0 0 0 0 338 0 513 0 0 0 0 0 0 0 0 0 0 0 0 0 0 0 0 0 0 0 0 0 0 0 0 0 0 0 0 0 0 0 333 0 0 558 0 401 187 0 0 0 0 0 0 219 574
0 0 0 0 0 0 0 0 0 0 0 0 0 0 0 0 0 0 531 0 0 0 0 0 0 0 0 0 0 0 0 0 0 0 0 0 0 0 0 0 0 0 0 0 0 0 0 0 0 0 0 0 0 0 0 0 0 0 0 147 0 0 0 0 0 0 0 0 0 0 0 0 0 0 0 0 0 0 0 0 0 0 0 0 0 218 0 306 472 77 141 0 0 486 0 0 0 0 0 0 0 0 0 0 0 0 0 0 0 0 214 0 0 0 0 0 0 0 0 0 0 0 0 355 0 393 0 0
0 449 0 0 0 0 0 0 0 0 0 0 0 554 130 0 0 0 0 0 0 0 0 0 0 0 0 0 0 0 0 0 0 0 0 0 0 0 0 0 0 0 333 0 0 0 0 0 170 0 0 0 0 0 0 0 0 0 0 0 0 0 520 0 0 420 0 0 0 0 527 418 0 584 0 409 0 381 0 0 0 0 0 0 0 0 0 0 0 0 0 0 0 0 0 0 0 0 0 0 0 0 0 0 260 0 0 0 0 0 0 0 0 0 0 0 0 0 0 0 0 0 0 0 0 0 0 0
0 0 0 0 0 0 0 0 0 0 0 0 0 0 0 0 0 0 0 0 0 0 0 0 0 0 0 0 0 0 0 0 0 0 0 0 0 0 0 0 0 0 0 0 200 0 0 0 0 0 0 0 0 0 0 0 0 0 0 0 0 0 333 0 0 0 0 0 0 0 0 0 0 0 0 0 0 0 0 0 421 0 0 0 0 0 316 0 0 0 0 0 0 0 0 0 562 0 0 0 0 0 0 0 0 0 0 0 0 0 0 0 584 0 437 0 0 0 0 0 0 531 0 0 0 0 0 0
0 0 269 0 0 0 0 0 0 0 0 0 0 0 0 0 0 346 395 0 0 0 0 0 0 0 0 0 388 0 0 0 0 481 0 0 0 0 0 0 0 0 0 0 0 0 0 0 0 0 0 0 0 0 260 0 0 0 0 0 0 0 0 0 0 0 0 0 528 0 0 0 0 0 0 0 0 0 301 0 0 0 0 0 0 0 0 0 0 0 0 0 0 0 0 0 0 0 0 0 0 0 0 0 0 0 0 0 0 0 0 0 0 0 0 0 0 0 0 0 0 0 0 0 0 533 0 0
0 414 0 0 304 0 0 0 0 0 0 0 0 0 0 0 0 0 0 0 273 513 317 0 279 0 0 0 0 0 0 0 0 0 439 0 0 0 0 0 0 0 0 0 0 0 591 0 0 0 0 0 0 0 0 0 0 0 0 0 284 0 0 0 0 0 0 0 0 0 330 381 0 0 0 0 0 0 0 0 0 0 0 0 0 0 0 0 0 0 0 0 0 0 0 0 0 0 0 0 0 0 0 0 593 0 0 109 0 0 0 0 0 0 0 439 0 115 0 0 0 0 299 0 0 0 0 0
0 0 0 0 558 0 0 0 0 0 0 0 0 0 0 0 0 0 0 0 0 461 0 0 468 0 0 0 0 0 232 0 0 0 0 0 0 0 0 0 0 502 575 0 0 0 0 0 478 0 0 259 0 0 0 0 0 0 0 0 0 0 0 0 569 314 0 139 0 478 0 0 0 0 0 0 0 265 0 0 0 0 0 0 0 0 0 0 0 0 0 0 0 0 0 0 0 0 0 0 0 0 0 0 421 499 0 0 0 0 0 0 0 0 0 416 0 0 0 0 477 0 0 0 0 0 0 0
0 406 0 0 0 0 0 0 0 0 0 0 0 0 317 0 0 0 0 0 0 0 600 0 369 0 0 0 0 0 0 0 0 0 0 0 0 0 0 0 0 0 412 0 0 0 0 0 107 0 0 0 0 0 0 0 0 0 0 0 0 0 0 0 0 314 0 445 0 0 447 329 0 0 0 529 0 182 0 0 0 0 0 0 0 0 0 0 0 0 0 0 0 0 0 0 0 0 0 260 0 0 593 421 0 0 0 0 0 0 0 0 0 0 0 557 0 512 0 0 0 0 0 0 0 0 0 0
498 0 0 0 318 0 0 0 0 0 0 0 0 0 0 534 0 0 0 0 408 115 0 0 485 0 0 0 0 0 390 0 0 0 0 0 0 0 0 0 0 0 0 0 0 0 303 0 0 249 0 302 0 0 0 0 0 0 0 0 368 528 0 0 330 0 0 369 0 50 0 0 0 0 0 0 0 0 0 0 0 0 0 517 0 0 0 0 0 0 0 322 0 0 0 0 0 0 0 0 0 0 0 499 0 0 0 0 0 255 0 0 0 0 0 217 0 532 0 0 285 0 459 0 0 0 0 449
0 0 0 239 0 0 0 0 0 595 0 538 0 0 0 0 0 0 0 0 0 0 0 316 0 330 0 0 0 0 0 0 0 0 0 0 297 0 0 0 0 0 0 0 0 518 0 596 0 0 0 0 0 0 0 366 0 0 461 0 0 0 0 0 0 0 262 0 0 0 0 0 0 0 0 0 0 0 0 448 0 236 0 0 0 0 0 0 0 0 0 0 0 0 0 0 0 0 0 0 0 0 0 0 0 0 0 0 0 0 0 118 0 0 0 0 471 0 0 0 0 0 0 0 0 0 557 0
0 394 0 0 410 0 529 0 0 0 0 0 0 0 0 0 0 0 0 0 362 0 243 0 371 0 0 0 0 0 0 0 0 0 332 0 0 0 0 0 0 0 0 0 0 0 0 0 0 0 0 0 0 0 0 0 0 0 0 0 381 0 0 0 0 0 0 0 0 0 304 386 0 0 0 0 0 0 0 0 0 0 0 0 0 0 0 0 0 0 0 0 0 0 0 0 0 0 0 0 0 0 109 0 0 0 0 0 0 0 0 0 0 0 0 548 0 219 0 0 0 0 371 0 0 0 0 0
0 0 0 0 0 0 0 0 579 0 0 0 0 0 0 0 373 0 0 177 0 0 0 0 0 0 0 0 0 0 0 0 0 0 0 215 0 0 0 0 0 0 0 0 0 0 0 0 0 0 0 0 242 292 0 0 316 456 0 0 0 0 0 0 0 0 0 0 0 0 0 0 0 0 0 0 0 0 0 0 0 0 244 0 306 0 0 0 0 0 0 0 0 0 0 0 0 0 0 0 0 0 0 0 0 0 0 0 0 0 0 0 0 0 0 0 0 0 0 0 0 0 0 0 0 0 0 0
375 0 0 0 472 0 0 0 0 0 0 0 0 0 0 459 0 0 0 0 486 339 0 0 0 0 0 431 0 0 0 0 0 0 0 0 0 526 0 0 0 0 0 0 0 0 200 369 0 200 0 527 0 0 0 0 0 0 0 0 468 438 0 0 390 0 0 0 0 272 0 0 0 0 0 0 0 0 0 0 0 0 0 342 0 0 0 0 0 0 0 242 0 0 0 0 0 0 0 0 0 0 0 0 0 255 0 0 0 0 0 0 0 0 0 441 514 0 0 0 408 0 500 0 0 0 0 336
0 0 0 0 0 0 0 0 0 0 0 0 0 0 0 0 0 0 323 0 0 0 0 0 0 0 0 0 0 0 0 0 0 0 0 0 0 0 0 0 0 0 0 0 0 0 0 0 0 0 0 0 0 0 0 0 0 0 0 72 0 0 0 0 0 0 0 0 0 0 0 0 0 0 0 0 0 0 0 0 0 0 0 0 0 109 0 490 0 143 121 0 0 0 0 0 0 0 214 0 0 0 0 0 0 0 0 0 0 0 0 0 0 0 0 0 0 0 0 0 0 0 0 178 0 188 0 0
0 0 0 177 0 0 0 0 0 479 0 423 0 0 0 0 0 0 0 0 0 0 0 241 0 229 0 542 0 0 0 0 0 0 0 0 191 0 0 0 0 0 0 0 0 404 0 517 0 0 0 0 0 0 0 265 0 0 344 0 0 0 0 0 0 0 171 0 0 0 0 0 0 0 0 0 0 0 0 330 0 119 0 0 0 0 0 0 0 0 0 0 0 0 0 0 0 0 0 0 0 0 0 0 0 0 118 0 0 0 0 0 0 0 0 0 379 0 0 0 0 0 0 0 0 0 439 0
0 0 0 0 0 0 0 0 0 0 0 0 0 563 0 0 0 0 0 0 0 0 0 0 0 0 0 0 0 0 0 0 0 0 0 0 0 0 0 0 0 0 0 0 418 0 0 0 0 0 0 0 0 0 0 0 0 0 0 0 0 0 0 0 0 0 0 0 0 0 0 0 0 0 0 0 0 0 0 0 0 0 0 0 0 0 285 0 0 0 0 0 0 0 0 441 0 0 0 0 584 0 0 0 0 0 0 0 0 0 0 0 0 0 0 0 0 0 0 0 0 0 0 0 0 0 0 0
0 0 0 0 0 222 0 362 189 467 0 594 444 0 0 525 0 0 0 0 0 0 0 0 0 0 334 0 0 0 0 0 0 0 0 0 0 471 0 0 0 0 0 0 0 545 0 0 0 0 0 0 0 0 0 0 558 323 0 0 0 549 0 270 0 0 0 0 0 0 0 0 0 0 0 0 0 0 0 0 0 0 525 0 0 0 0 0 0 0 0 0 0 0 0 0 0 333 0 0 0 0 0 0 0 0 0 0 0 0 0 0 0 0 0 0 0 0 242 180 0 0 0 0 0 0 514 0
0 0 0 0 0 0 0 0 0 0 0 0 0 0 0 0 0 0 0 0 0 0 0 0 0 0 0 0 0 0 0 0 0 0 0 0 0 0 0 447 0 0 0 0 0 0 0 0 0 0 0 0 0 0 0 0 0 0 0 0 0 0 516 0 0 0 0 0 0 0 0 0 0 0 401 0 0 0 0 0 464 0 0 0 0 0 0 0 0 0 0 0 0 0 0 0 241 0 0 0 437 0 0 0 0 0 0 0 0 0 0 0 0 0 0 0 0 0 0 0 0 397 0 0 0 0 0 0
0 0 0 0 161 0 0 0 0 0 0 0 0 0 0 0 0 0 0 0 302 105 0 0 268 0 0 0 0 0 420 0 0 0 0 0 0 0 0 0 0 0 0 0 0 0 394 0 0 466 0 342 0 0 0 0 0 0 0 0 253 0 0 0 515 0 0 278 0 245 0 0 0 0 0 0 0 528 0 0 0 0 0 0 0 0 0 0 0 0 0 538 0 0 0 0 0 0 0 0 0 0 439 416 557 217 0 548 0 441 0 0 0 0 0 0 0 335 0 0 446 0 375 0 0 0 0 0
340 0 0 486 0 0 0 443 0 416 0 218 0 0 0 430 0 0 0 0 0 0 0 164 0 416 477 192 0 0 0 0 0 0 0 0 194 403 0 0 0 0 0 0 0 402 0 153 0 516 0 0 0 0 0 119 0 0 313 0 0 399 0 570 0 0 428 0 0 0 0 0 0 0 0 0 0 0 0 252 0 301 0 0 0 0 0 0 0 0 0 461 0 0 0 0 0 558 0 0 0 0 0 0 0 0 471 0 0 514 0 379 0 0 0 0 0 0 0 0 0 0 0 0 0 0 344 373
0 419 0 0 221 0 0 0 0 0 0 0 0 0 0 0 0 0 0 0 247 419 383 0 169 0 0 0 0 0 0 0 0 0 540 0 0 0 0 0 0 0 0 0 0 0 550 0 0 0 0 0 0 0 0 0 0 0 0 0 237 0 0 0 0 0 0 523 0 570 348 362 0 0 0 0 0 593 0 0 0 0 0 0 0 0 0 0 0 0 0 0 0 0 0 0 0 0 0 0 0 0 115 0 512 532 0 219 0 0 0 0 0 0 0 335 0 0 0 0 0 0 300 0 0 0 0 0
430 0 0 0 0 133 0 264 383 471 0 509 212 0 0 318 0 0 0 0 0 0 0 0 0 0 312 513 0 0 0 0 0 0 0 0 0 293 0 0 0 0 0 0 0 557 0 0 0 576 0 0 0 0 0 0 563 374 582 0 0 348 0 124 447 0 0 0 0 0 0 0 0 0 0 0 0 0 0 589 0 0 585 0 0 0 0 0 0 0 0 522 0 0 0 0 0 401 0 0 0 0 0 0 0 0 0 0 0 0 0 0 0 242 0 0 0 0 0 223 517 0 0 0 0 0 486 446
482 0 0 0 0 297 0 193 369 296 0 414 427 0 0 399 0 0 0 0 0 0 0 0 0 584 154 500 0 0 0 0 0 0 0 0 0 329 0 0 0 0 0 0 0 378 0 0 0 0 0 0 0 0 0 0 0 480 430 0 0 417 0 158 0 0 0 0 0 0 0 0 0 0 0 0 0 0 0 456 0 0 0 0 0 0 0 0 0 0 0 0 0 0 0 0 0 187 0 0 0 0 0 0 0 0 0 0 0 0 0 0 0 180 0 0 0 0 223 0 0 0 0 0 0 0 337 518
386 0 0 0 585 581 0 583 0 0 0 0 329 0 0 357 0 0 0 0 0 374 0 0 0 0 0 534 0 0 261 0 0 0 0 0 0 441 0 0 0 0 0 0 0 0 551 0 0 232 0 220 0 0 0 0 0 0 0 0 0 369 0 537 93 0 0 408 0 235 0 0 0 0 0 0 0 0 0 0 0 0 0 0 0 0 0 0 0 0 0 258 0 0 0 0 0 0 0 0 0 0 0 477 0 285 0 0 0 408 0 0 0 0 0 446 0 0 517 0 0 0 0 0 0 0 0 343
0 0 0 0 0 0 0 0 0 0 0 0 0 0 0 0 0 0 0 0 0 0 0 0 0 0 0 0 0 0 0 0 0 0 0 0 0 0 0 466 0 0 0 0 0 0 0 0 0 0 0 0 0 0 0 0 0 0 0 0 0 0 0 0 0 0 0 0 0 0 0 0 0 0 0 0 0 0 0 0 0 0 0 0 0 0 0 0 0 0 0 0 0 0 0 0 222 0 0 0 531 0 0 0 0 0 0 0 0 0 0 0 0 0 397 0 0 0 0 0 0 0 0 0 0 0 0 0
0 0 0 0 225 0 0 0 0 0 0 0 0 0 0 0 0 0 0 0 78 386 0 0 420 0 0 0 0 0 0 0 0 0 0 0 0 0 0 0 0 0 0 0 0 0 313 0 0 0 0 0 0 0 0 0 0 0 0 0 125 0 0 0 0 0 0 0 0 509 0 0 0 0 0 0 0 0 0 0 0 0 0 403 0 0 0 0 0 0 0 0 0 0 0 0 0 0 0 0 0 0 299 0 0 459 0 371 0 500 0 0 0 0 0 375 0 300 0 0 0 0 0 0 0 0 0 0
0 0 0 0 0 0 0 0 0 0 0 0 0 0 0 0 0 0 304 0 0 0 0 0 0 0 0 0 0 0 0 0 0 0 0 0 0 0 0 562 0 0 0 0 0 0 0 0 0 0 0 0 0 0 0 0 0 0 0 216 0 0 0 0 0 0 0 0 0 0 0 0 0 0 0 0 0 0 0 0 0 0 0 0 0 279 0 566 0 302 298 0 0 0 0 0 0 0 355 0 0 0 0 0 0 0 0 0 0 0 178 0 0 0 0 0 0 0 0 0 0 0 0 0 0 220 0 0
0 0 0 0 0 0 539 0 0 0 263 0 0 0 0 0 0 0 0 0 0 0 0 0 0 0 0 0 0 0 0 0 0 0 0 0 0 0 0 0 0 0 0 0 0 0 0 0 0 0 0 0 0 0 0 0 0 0 0 0 0 0 0 0 0 0 0 0 0 0 0 0 0 0 0 0 0 0 0 0 0 0 0 0 0 0 0 0 0 0 0 0 0 0 0 0 0 0 0 0 0 0 0 0 0 0 0 0 0 0 0 0 0 0 0 0 0 0 0 0 0 0 0 0 0 0 0 0
0 0 0 0 0 0 0 0 0 0 0 0 0 0 0 0 0 0 138 0 0 0 0 0 0 0 0 0 0 0 0 0 0 0 0 0 0 0 0 0 0 0 0 0 0 0 0 0 0 0 0 0 0 0 0 0 0 0 0 260 0 0 0 0 0 0 0 0 0 0 0 0 0 0 0 0 0 0 0 0 0 0 0 0 0 198 0 0 0 317 267 0 0 0 0 0 0 0 393 0 0 533 0 0 0 0 0 0 0 0 188 0 0 0 0 0 0 0 0 0 0 0 0 220 0 0 0 0
408 0 0 407 0 0 0 229 0 72 0 136 0 0 0 409 0 0 0 0 0 0 0 405 0 278 186 318 0 0 0 0 0 0 0 0 314 327 0 0 0 0 0 0 0 99 0 466 0 0 0 0 0 0 0 303 0 0 96 0 0 398 0 363 0 0 342 0 0 0 0 0 0 0 0 0 0 0 0 122 0 322 0 0 0 0 0 0 0 0 0 585 0 0 0 0 0 219 0 0 0 0 0 0 0 0 557 0 0 0 0 439 0 514 0 0 344 0 486 337 0 0 0 0 0 0 0 458
50 0 0 0 0 568 0 342 0 507 0 356 397 0 0 129 0 0 0 0 0 564 0 537 0 0 439 191 0 0 0 0 0 0 0 0 542 190 0 0 0 0 0 0 0 556 537 316 0 200 0 557 0 0 0 470 0 0 509 0 0 103 0 383 258 0 0 0 0 423 0 0 0 0 0 0 0 0 0 467 0 0 0 0 0 0 0 0 0 0 0 127 0 0 0 0 0 574 0 0 0 0 0 0 0 449 0 0 0 336 0 0 0 0 0 0 373 0 446 518 343 0 0 0 0 0 458 0
