808 315
513 266
106 164
964 283
647 246
815 452
517 75
852 367
856 502
898 352
403 122
872 311
779 408
494 512
514 408
807 343
819 708
109 142
73 306
778 585
650 209
682 280
518 211
891 236
602 277
942 303
872 375
835 294
144 179
518 576
687 381
520 651
628 554
60 91
502 156
762 596
904 260
824 348
550 554
212 275
686 531
666 502
539 450
274 558
388 422
912 339
720 215
830 245
544 371
757 300
572 525
689 359
776 674
744 606
72 147
887 262
778 547
813 511
904 318
92 401
651 221
809 335
411 328
836 395
752 347
585 421
950 287
650 350
161 135
709 299
525 248
531 277
577 550
527 519
345 214
526 475
696 552
587 380
74 137
896 306
403 294
926 268
800 561
743 167
775 691
67 388
362 463
120 497
152 516
82 418
72 406
772 305
165 544
162 506
494 634
460 578
258 324
897 389
86 436
509 377
362 385
62 210
589 210
640 383
558 351
705 287
960 224
570 193
796 621
750 251
89 383
943 246
387 525
858 456
305 301
659 283
862 259
600 235
821 420
864 412
733 350
254 379
654 191
118 358
385 60
76 340
891 336
798 313
